177892200531167124500811000000000001066448162359762081679215LTEP1F20SamsungSM-S928N4004503001001700127101572012000010VLAN-1002000010VLAN-100132322357771323223677711778921700000000200001080001177892200000000017789220033116713311671lte-internetims000000000000000000000000000000000001111000110011110000000020000323223800010800070000VLAN-100177892200000000001557467559532979511314500810017789220000500001011778922000010000101045008450084500845008
177892202320712824500811000000000101086397250359762082058756LTEP1M21AppleiPhone16,24014513011011700127101572012000111VLAN-1012000111VLAN-101132322357781323223677831778921720000000200011180013177892202000000017789220212071281207128lte-internetims000000000011000000000000000000000001111000000011110000000020001323223800111800170001VLAN-10117789220200000000153729356950110123796304500810117789220200500001011778922020010000111045008450084500845008
177892204255438724500811000000000201022292302359762082423915LTEP1F22LGLM-G900N4004503021021700127101572012000212VLAN-1022000212VLAN-10213232235779132322367795177892174000000020002128002417789220400000001778922040554387554387lte-internetims000000000020000000000000000000000001111000000011110000000020002323223800212800270002VLAN-102177892204000000002092989227297765951404500810017789220400500001011778922040010000121045008450084500845008
177892206407619124500811000000000301089542916359762083188131LTEP1M23XiaomiMi-144014513001031700127101572012000313VLAN-1032000313VLAN-103132322357801323223678091778921760000000200031380035177892206000000017789220620761912076191lte-internetims000000000031000000000000000000000001111000000011110000000020003323223800313800370003VLAN-1031778922060000000021396375470811217177404500810117789220600500001011778922060010000131045008450084500845008
177892208406011424500811000000000401050708047359762082730838LTEP1F24SamsungSM-S928N4004503011001700127101572012000414VLAN-1042000414VLAN-104132322357811323223678111778921780000000200041480046177892208000000017789220820601142060114lte-internetims000000000040000000000000000000000001111000000011110000000020004323223800414800470004VLAN-104177892208000000002276486212500417436014500810017789220800500001011778922080010000141045008450084500845008
177892210422282824500811000000000501058121821359762089892593LTEP1M25AppleiPhone16,24014513021011700127101572012000515VLAN-1052000515VLAN-105132322357821323223678231778921800000000200051580009177892210000000017789221022228282222828lte-internetims000000000001000000000000000000000001111000000011110000000020005323223800515800070005VLAN-105177892210000000003520795382406170124004500810117789221000500001011778922100010000101045008450084500845008
177892212275586624500811000000000601075100245359762085389280LTEP1F26LGLM-G900N4004503001021700127101572012000616VLAN-1062000616VLAN-10613232235783132322367835177892182000000020006168001117789221200000001778922120755866755866lte-internetims000000000010000000000000000000000001111000000011110000000020006323223800616800170006VLAN-1061778922120000000039305320264912123274214500810017789221200500001011778922120010000111045008450084500845008
177892214479650624500811000000000701030246633359762087624039LTEP1M27XiaomiMi-144014513011031700127101572012000717VLAN-1072000717VLAN-107132322357841323223678491778921840000000200071780023177892214000000017789221427965062796506lte-internetims000000000021000000000000000000000001111000110011110000000020007323223800717800270007VLAN-107177892214000000004531531487028152774024500810117789221400500001011778922140010000121045008450084500845008
177892216398174624500811000000000801059715839359762087297654LTEP1F28SamsungSM-S928N4004503021001700127101572012000018VLAN-1082000018VLAN-108132322357851323223678511778921860000000200001880034177892216000000017789221619817461981746lte-internetims000000000030000000000000000000000001111000000011110000000020000323223800818800370000VLAN-1081778922160000000086233495905435872124500810017789221600500001011778922160010000131045008450084500845008
177892218596398724500811000000000901092304355359762087263134LTEP1M29AppleiPhone16,24014513001011700127101572012000119VLAN-1092000119VLAN-109132322357861323223678631778921880000000200011980045177892218000000017789221839639873963987lte-internetims000000000041000000000000000000000001111000000011110000000020001323223800919800470001VLAN-109177892218000000001600554245187388690414500810117789221800500001011778922180010000141045008450084500845008
177892220235334324500811000000001001067564514359762089096041LTEP1F30LGLM-G900N4004503011021700127101572012000220VLAN-1002000220VLAN-10013232235787132322367875177892190000000020002208000617789222000000001778922200353343353343lte-internetims000000000000000000000000000000000001111000000011110000000020002323223801020800070002VLAN-100177892220000000002777645350501072750104500810017789222000500001011778922200010000101045008450084500845008
177892222587483424500811000000001101085131377359762088812311LTEP1M31XiaomiMi-144014513021031700127101572012000321VLAN-1012000321VLAN-101132322357881323223678891778921920000000200032180019177892222000000017789222238748343874834lte-internetims000000000011000000000000000000000001111000000011110000000020003323223801121800170003VLAN-1011778922220000000025689072491265134193324500810117789222200500001011778922220010000111045008450084500845008
177892224606098724500811000000001201046103891359762089877341LTEP1F32SamsungSM-S928N4004503001001700127101572012000422VLAN-1022000422VLAN-102132322357891323223678911778921940000000200042280021177892224000000017789222440609874060987lte-internetims000000000020000000000000000000000001111000000011110000000020004323223801222800270004VLAN-102177892224000000002033884450179398239314500810017789222400500001011778922240010000121045008450084500845008
177892226425272024500811000000001301049024836359762084115934LTEP1M33AppleiPhone16,24014513011011700127101572012000523VLAN-1032000523VLAN-103132322357901323223679031778921960000000200052380033177892226000000017789222622527202252720lte-internetims000000000031000000000000000000000001111000000011110000000020005323223801323800370005VLAN-1031778922260000000014087982043086168023104500810117789222600500001011778922260010000131045008450084500845008
177892228297614224500811000000001401092661823359762089843470LTEP1F34LGLM-G900N4004503021021700127101572012000624VLAN-1042000624VLAN-10413232235791132322367915177892198000000020006248004417789222800000001778922280976142976142lte-internetims000000000040000000000000000000000001111000110011110000000020006323223801424800470006VLAN-1041778922280000000014946553182007192429024500810017789222800500001011778922280010000141045008450084500845008
177892230383305424500811000000001501011564266359762089746246LTEP1M35XiaomiMi-144014513001031700127101572012000725VLAN-1052000725VLAN-105132322357921323223679291778922000000000200072580005177892230000000017789223018330541833054lte-internetims000000000001000000000000000000000001111000000011110000000020007323223801525800070007VLAN-10517789223000000000389664300557314404124500810117789223000500001011778922300010000101045008450084500845008
177892232511267224500811000000001601072977987359762089061127LTEP1F36SamsungSM-S928N4004503011001700127101572012000026VLAN-1062000026VLAN-106132322357931323223679311778922020000000200002680016177892232000000017789223231126723112672lte-internetims000000000010000000000000000000000001111000000011110000000020000323223801626800170000VLAN-106177892232000000001693876287654101534324500810017789223200500001011778922320010000111045008450084500845008
177892234645871824500811000000001701065588685359762086090601LTEP1M37AppleiPhone16,24014513021011700127101572012000127VLAN-1072000127VLAN-107132322357941323223679431778922040000000200012780029177892234000000017789223444587184458718lte-internetims000000000021000000000000000000000001111000000011110000000020001323223801727800270001VLAN-10717789223400000000211692523317311173377204500810117789223400500001011778922340010000121045008450084500845008
177892236360055924500811000000001801026484014359762088530042LTEP1F38LGLM-G900N4004503001021700127101572012000228VLAN-1082000228VLAN-108132322357951323223679551778922060000000200022880031177892236000000017789223616005591600559lte-internetims000000000030000000000000000000000001111000000011110000000020002323223801828800370002VLAN-10817789223600000000195405425755410164675304500810017789223600500001011778922360010000131045008450084500845008
177892238244283924500811000000001901079855785359762083024816LTEP1M39XiaomiMi-144014513011031700127101572012000329VLAN-1092000329VLAN-10913232235796132322367969177892208000000020003298004317789223800000001778922380442839442839lte-internetims000000000041000000000000000000000001111000000011110000000020003323223801929800470003VLAN-1091778922380000000028816844626518138726224500810117789223800500001011778922380010000141045008450084500845008
177892240334840124500811000000002001044873449359762082703164LTEP1F40SamsungSM-S928N4004503021001700127101572012000430VLAN-1002000430VLAN-100132322357971323223679711778922100000000200043080004177892240000000017789224013484011348401lte-internetims000000000000000000000000000000000001111000000011110000000020004323223802030800070004VLAN-1001778922400000000019166572276053107878304500810017789224000500001011778922400010000101045008450084500845008
177892242346369624500811000000002101066102158359762088013380LTEP1M41AppleiPhone16,24014513001011700127101572012000531VLAN-1012000531VLAN-101132322357981323223679831778922120000000200053180015177892242000000017789224214636961463696lte-internetims000000000011000000000000000000000001111000110011110000000020005323223802131800170005VLAN-10117789224200000000167459627650710134337124500810117789224200500001011778922420010000111045008450084500845008
177892244325749724500811000000002201042563510359762081396213LTEP1F42LGLM-G900N4004503011021700127101572012000632VLAN-1022000632VLAN-102132322357991323223679951778922140000000200063280026177892244000000017789224412574971257497lte-internetims000000000020000000000000000000000001111000000011110000000020006323223802232800270006VLAN-102177892244000000002544264176449820881114500810017789224400500001011778922440010000121045008450084500845008
177892246451199724500811000000002301021213982359762081286497LTEP1M43XiaomiMi-144014513021031700127101572012000733VLAN-1032000733VLAN-103132322358001323223680091778922160000000200073380039177892246000000017789224625119972511997lte-internetims000000000031000000000000000000000001111000000011110000000020007323223802333800370007VLAN-1031778922460000000018082264476041193868124500810117789224600500001011778922460010000131045008450084500845008
177892248529166824500811000000002401088219238359762084063383LTEP1F44SamsungSM-S928N4004503001001700127101572012000010VLAN-1042000010VLAN-104132322358011323223680111778922180000000200001080041177892248000000017789224832916683291668lte-internetims000000000040000000000000000000000001111000000011110000000020000323223802410800470000VLAN-1041778922480000000013443542535235175868024500810017789224800500001011778922480010000141045008450084500845008
177892250524218824500811000000002501012058664359762084591092LTEP1M45AppleiPhone16,24014513011011700127101572012001111VLAN-1052001111VLAN-105132322358021323223680231778922200000000200011180003177892250000000017789225032421883242188lte-internetims000000091778922500150000900001017789225001500009000000000000000000000001010001000011110029177892250015000090029177892250015000090020001323223802511800070001VLAN-10517789225000000000180000085465753198543204500810117789225000500001011778922500010000101045008450084500845008
177892252378081224500811000000002601098514889359762084441991LTEP1F46LGLM-G900N4004503021011700127101572012001112VLAN-1062001112VLAN-106132322358031323223680351778922220000000200021280014177892252000000017789225217808121780812lte-internetims000000091778922520150000900010017789225201500009000000000000000000000001010001000011110029177892252015000090029177892252015000090020002323223802612800170002VLAN-10617789225200000000180000071095145125109024500810017789225200500001011778922520010000111045008450084500845008
177892254610554124500811000000002701047207631359762085797878LTEP1M47XiaomiMi-144014513001011700127101572012001113VLAN-1072001113VLAN-107132322358041323223680491778922240000000200031380025177892254000000017789225441055414105541lte-internetims000000091778922540150000900021017789225401500009000000000000000000000001010001000011110029177892254015000090029177892254015000090020003323223802713800270003VLAN-10717789225400000000180000031185447141443214500810117789225400500001011778922540010000121045008450084500845008
177892256302755324500811000000002801027562680359762083987106LTEP1F48SamsungSM-S928N4004503011011700127101572012001114VLAN-1082001114VLAN-108132322358051323223680511778922260000000200041480036177892256000000017789225610275531027553lte-internetims000000091778922560150000900030017789225601500009000000000000000000000001010001110011110029177892256015000090029177892256015000090020004323223802814800370004VLAN-1081778922560000000018000004536642955291104500810017789225600500001011778922560010000131045008450084500845008
177892258271850724500811000000002901056416761359762085841861LTEP1M49AppleiPhone16,24014513021011700127101572012001115VLAN-1092001115VLAN-10913232235806132322368063177892228000000020005158004917789225800000001778922580718507718507lte-internetims000000091778922580150000900041017789225801500009000000000000000000000001010001000011110029177892258015000090029177892258015000090020005323223802915800470005VLAN-10917789225800000000180000074105159108919004500810117789225800500001011778922580010000141045008450084500845008
177892260450595524500811000000003001092007480359762081503935LTEP1F50LGLM-G900N4004503001011700127101572012001116VLAN-1002001116VLAN-100132322358071323223680751778922300000000200061680001177892260000000017789226025059552505955lte-internetims000000091778922600150000900000017789226001500009000000000000000000000001010001000011110029177892260015000090029177892260015000090020006323223803016800070006VLAN-1001778922600000000018000005100830998613104500810017789226000500001011778922600010000101045008450084500845008
177892262218299724500811000000003101073025717359762082885739LTEP1M51XiaomiMi-144014513011011700127101572012001117VLAN-1012001117VLAN-10113232235808132322368089177892232000000020007178001317789226200000001778922620182997182997lte-internetims000000091778922620150000900011017789226201500009000000000000000000000001010001000011110029177892262015000090029177892262015000090020007323223803117800170007VLAN-101177892262000000001800000495370529476404500810117789226200500001011778922620010000111045008450084500845008
177892264272946024500811000000003201038671160359762083426741LTEP1F52SamsungSM-S928N4004503021011700127101572012001118VLAN-1022001118VLAN-10213232235809132322368091177892234000000020000188002417789226400000001778922640729460729460lte-internetims000000091778922640150000900020017789226401500009000000000000000000000001010001000011110029177892264015000090029177892264015000090020000323223803218800270000VLAN-1021778922640000000018000008299346106375004500810017789226400500001011778922640010000121045008450084500845008
177892266348302624500811000000003301094856876359762084912743LTEP1M53AppleiPhone16,24014513001011700127101572012001119VLAN-1032001119VLAN-103132322358101323223681031778922360000000200011980035177892266000000017789226614830261483026lte-internetims000000091778922660150000900031017789226601500009000000000000000000000001010001000011110029177892266015000090029177892266015000090020001323223803319800370001VLAN-103177892266000000001800000624557212131961224500810117789226600500001011778922660010000131045008450084500845008
177892268507533724500811000000003401088617612359762081464266LTEP1F54LGLM-G900N4004503011011700127101572012001120VLAN-1042001120VLAN-104132322358111323223681151778922380000000200022080046177892268000000017789226830753373075337lte-internetims000000091778922680150000900040017789226801500009000000000000000000000001010001000011110029177892268015000090029177892268015000090020002323223803420800470002VLAN-1041778922680000000018000003457954816926314500810017789226800500001011778922680010000141045008450084500845008
177892270489328524500811000000003501027679891359762086712102LTEP1M55XiaomiMi-144014513021011700127101572012001121VLAN-1052001121VLAN-105132322358121323223681291778922400000000200032180009177892270000000017789227028932852893285lte-internetims000000091778922700150000900001017789227001500009000000000000000000000001010001110011110029177892270015000090029177892270015000090020003323223803521800070003VLAN-10517789227000000000180000055026967148567024500810117789227000500001011778922700010000101045008450084500845008
177892272483733924500811000000003601017834256359762081349797LTEP1F56SamsungSM-S928N4004503001011700127101572012001122VLAN-1062001122VLAN-106132322358131323223681311778922420000000200042280011177892272000000017789227228373392837339lte-internetims000000091778922720150000900010017789227201500009000000000000000000000001010001000011110029177892272015000090029177892272015000090020004323223803622800170004VLAN-10617789227200000000180000035042211164361104500810017789227200500001011778922720010000111045008450084500845008
177892274284841824500811000000003701092921906359762089640563LTEP1M57AppleiPhone16,24014513011011700127101572012001123VLAN-1072001123VLAN-10713232235814132322368143177892244000000020005238002317789227400000001778922740848418848418lte-internetims000000091778922740150000900021017789227401500009000000000000000000000001010001000011110029177892274015000090029177892274015000090020005323223803723800270005VLAN-107177892274000000001800000843716510138416024500810117789227400500001011778922740010000121045008450084500845008
177892276561266924500811000000003801067582221359762082704004LTEP1F58LGLM-G900N4004503021011700127101572012001124VLAN-1082001124VLAN-108132322358151323223681551778922460000000200062480034177892276000000017789227636126693612669lte-internetims000000091778922760150000900030017789227601500009000000000000000000000001010001000011110029177892276015000090029177892276015000090020006323223803824800370006VLAN-1081778922760000000018000005535853811450424500810017789227600500001011778922760010000131045008450084500845008
177892278384035924500811000000003901044851480359762087465904LTEP1M59XiaomiMi-144014513001011700127101572012001125VLAN-1092001125VLAN-109132322358161323223681691778922480000000200072580045177892278000000017789227818403591840359lte-internetims000000091778922780150000900041017789227801500009000000000000000000000001010001000011110029177892278015000090029177892278015000090020007323223803925800470007VLAN-10917789227800000000180000042812539191057404500810117789227800500001011778922780010000141045008450084500845008
177892280592707124500811000000004001087777516359762089790802LTEP1F60SamsungSM-S928N4004503011011700127101572012001126VLAN-1002001126VLAN-100132322358171323223681711778922500000000200002680006177892280000000017789228039270713927071lte-internetims000000091778922800150000900000017789228001500009000000000000000000000001010001000011110029177892280015000090029177892280015000090020000323223804026800070000VLAN-1001778922800000000018000004346145633652214500810017789228000500001011778922800010000101045008450084500845008
177892282527623324500811000000004101054590455359762084870825LTEP1M61AppleiPhone16,24014513021011700127101572012001127VLAN-1012001127VLAN-101132322358181323223681831778922520000000200012780019177892282000000017789228232762333276233lte-internetims000000091778922820150000900011017789228201500009000000000000000000000001010001000011110029177892282015000090029177892282015000090020001323223804127800170001VLAN-10117789228200000000180000063472261172557324500810117789228200500001011778922820010000111045008450084500845008
177892284301391224500811000000004201013356886359762085614226LTEP1F62LGLM-G900N4004503001011700127101572012001128VLAN-1022001128VLAN-102132322358191323223681951778922540000000200022880021177892284000000017789228410139121013912lte-internetims000000091778922840150000900020017789228401500009000000000000000000000001010001110011110029177892284015000090029177892284015000090020002323223804228800270002VLAN-10217789228400000000180000041963164177392404500810017789228400500001011778922840010000121045008450084500845008
177892286240339624500811000000004301048397568359762083414798LTEP1M63XiaomiMi-144014513011011700127101572012001129VLAN-1032001129VLAN-10313232235820132322368209177892256000000020003298003317789228600000001778922860403396403396lte-internetims000000091778922860150000900031017789228601500009000000000000000000000001010001000011110029177892286015000090029177892286015000090020003323223804329800370003VLAN-103177892286000000001800000515096110156973324500810117789228600500001011778922860010000131045008450084500845008
177892288550704724500811000000004401079795968359762082957153LTEP1F64SamsungSM-S928N4004503021011700127101572012001130VLAN-1042001130VLAN-104132322358211323223682111778922580000000200043080044177892288000000017789228835070473507047lte-internetims000000091778922880150000900040017789228801500009000000000000000000000001010001000011110029177892288015000090029177892288015000090020004323223804430800470004VLAN-104177892288000000001800000628609677627104500810017789228800500001011778922880010000141045008450084500845008
177892290436065624500811000000004501066061562359762089187754LTEP1M20AppleiPhone16,24014513001011700127101572012001131VLAN-1052001131VLAN-105132322358221323223682231778922600000000200053180005177892290000000017789229023606562360656lte-internetims000000091778922900150000900001017789229001500009000000000000000000000001010001000011110029177892290015000090029177892290015000090020005323223804531800070005VLAN-105177892290000000001800000336791985660014500810117789229000500001011778922900010000101045008450084500845008
177892292272074924500811000000004601063686339359762081670446LTEP1F21LGLM-G900N4004503011011700127101572012001132VLAN-1062001132VLAN-10613232235823132322368235177892262000000020006328001617789229200000001778922920720749720749lte-internetims000000091778922920150000900010017789229201500009000000000000000000000001010001000011110029177892292015000090029177892292015000090020006323223804632800170006VLAN-10617789229200000000180000085907685153021404500810017789229200500001011778922920010000111045008450084500845008
177892294503150024500811000000004701018391987359762088217327LTEP1M22XiaomiMi-144014513021011700127101572012001133VLAN-1072001133VLAN-107132322358241323223682491778922640000000200073380029177892294000000017789229430315003031500lte-internetims000000091778922940150000900021017789229401500009000000000000000000000001010001000011110029177892294015000090029177892294015000090020007323223804733800270007VLAN-10717789229400000000180000074101547134334314500810117789229400500001011778922940010000121045008450084500845008
177892296472621624500811000000004801027702172359762089972264LTEP1F23SamsungSM-S928N4004503001011700127101572012001110VLAN-1082001110VLAN-108132322358251323223682511778922660000000200001080031177892296000000017789229627262162726216lte-internetims000000091778922960150000900030017789229601500009000000000000000000000001010001000011110029177892296015000090029177892296015000090020000323223804810800370000VLAN-10817789229600000000180000095798586187136304500810017789229600500001011778922960010000131045008450084500845008
177892298264106324500811000000004901056215175359762087933063LTEP1M24AppleiPhone16,24014513011011700127101572012001111VLAN-1092001111VLAN-10913232235826132322368263177892268000000020001118004317789229800000001778922980641063641063lte-internetims000000091778922980150000900041017789229801500009000000000000000000000001010001110011110029177892298015000090029177892298015000090020001323223804911800470001VLAN-10917789229800000000180000055861213178221024500810117789229800500001011778922980010000141045008450084500845008
177892300625363924500811000000005001045725232359762087108543LTEP1F25LGLM-G900N4004503021011700127101572012001112VLAN-1002001112VLAN-100132322358271323223682751778922700000000200021280004177892300000000017789230042536394253639lte-internetims000000091778923000150000900000017789230001500009000000000000000000000001010001000011110029177892300015000090029177892300015000090020002323223805012800070002VLAN-1001778923000000000018000008546153822331414500810017789230000500001011778923000010000101045008450084500845008
177892302412277524500811000000005101077405349359762083716860LTEP1M26XiaomiMi-144014513001011700127101572012001113VLAN-1012001113VLAN-101132322358281323223682891778922720000000200031380015177892302000000017789230221227752122775lte-internetims000000091778923020150000900011017789230201500009000000000000000000000001010001000011110029177892302015000090029177892302015000090020003323223805113800170003VLAN-10117789230200000000180000092926391167066324500810117789230200500001011778923020010000111045008450084500845008
177892304433080524500811000000005201017317906359762089599789LTEP1F27SamsungSM-S928N4004503011011700127101572012001114VLAN-1022001114VLAN-102132322358291323223682911778922740000000200041480026177892304000000017789230423308052330805lte-internetims000000091778923040150000900020017789230401500009000000000000000000000001010001000011110029177892304015000090029177892304015000090020004323223805214800270004VLAN-102177892304000000001800000943904498927104500810017789230400500001011778923040010000121045008450084500845008
177892306389238724500811000000005301071268677359762089423231LTEP1M28AppleiPhone16,24014513021011700127101572012001115VLAN-1032001115VLAN-103132322358301323223683031778922760000000200051580039177892306000000017789230618923871892387lte-internetims000000091778923060150000900031017789230601500009000000000000000000000001010001000011110029177892306015000090029177892306015000090020005323223805315800370005VLAN-10317789230600000000180000085958468192371324500810117789230600500001011778923060010000131045008450084500845008
177892308323324924500811000000005401068913217359762085998365LTEP1F29LGLM-G900N4004503001011700127101572012001116VLAN-1042001116VLAN-104132322358311323223683151778922780000000200061680041177892308000000017789230812332491233249lte-internetims000000091778923080150000900040017789230801500009000000000000000000000001010001000011110029177892308015000090029177892308015000090020006323223805416800470006VLAN-10417789230800000000180000064488676117047224500810017789230800500001011778923080010000141045008450084500845008
177892310283782524500811000000005501036339797359762083516096LTEP1M30XiaomiMi-144014513011011700127101572012001117VLAN-1052001117VLAN-10513232235832132322368329177892280000000020007178000317789231000000001778923100837825837825lte-internetims000000091778923100150000900001017789231001500009000000000000000000000001010001000011110029177892310015000090029177892310015000090020007323223805517800070007VLAN-1051778923100000000018000009133533579151014500810117789231000500001011778923100010000101045008450084500845008
177892312217643824500811000000005601073575164359762089779172LTEP1F31SamsungSM-S928N4004503021011700127101572012001118VLAN-1062001118VLAN-10613232235833132322368331177892282000000020000188001417789231200000001778923120176438176438lte-internetims000000091778923120150000900010017789231201500009000000000000000000000001010001110011110029177892312015000090029177892312015000090020000323223805618800170000VLAN-1061778923120000000018000009490994624774224500810017789231200500001011778923120010000111045008450084500845008
177892314243706724500811000000005701059358866359762081323981LTEP1M32AppleiPhone16,24014513001011700127101572012001119VLAN-1072001119VLAN-10713232235834132322368343177892284000000020001198002517789231400000001778923140437067437067lte-internetims000000091778923140150000900021017789231401500009000000000000000000000001010001000011110029177892314015000090029177892314015000090020001323223805719800270001VLAN-10717789231400000000180000073868231076086324500810117789231400500001011778923140010000121045008450084500845008
177892316373387224500811000000005801037611807359762084375071LTEP1F33LGLM-G900N4004503011011700127101572012001120VLAN-1082001120VLAN-108132322358351323223683551778922860000000200022080036177892316000000017789231617338721733872lte-internetims000000091778923160150000900030017789231601500009000000000000000000000001010001000011110029177892316015000090029177892316015000090020002323223805820800370002VLAN-1081778923160000000018000004521229992653214500810017789231600500001011778923160010000131045008450084500845008
177892318396060424500811000000005901021356068359762088709331LTEP1M34XiaomiMi-144014513021011700127101572012001121VLAN-1092001121VLAN-109132322358361323223683691778922880000000200032180049177892318000000017789231819606041960604lte-internetims000000091778923180150000900041017789231801500009000000000000000000000001010001000011110029177892318015000090029177892318015000090020003323223805921800470003VLAN-10917789231800000000180000043644873178230404500810117789231800500001011778923180010000141045008450084500845008
177892320466207024500811000000006001048040103359762083585986LTEP1F35SamsungSM-S928N4004503001011700127101572012001122VLAN-1002001122VLAN-100132322358371323223683711778922900000000200042280001177892320000000017789232026620702662070lte-internetims000000091778923200150000900000017789232001500009000000000000000000000001010001000011110029177892320015000090029177892320015000090020004323223806022800070004VLAN-10017789232000000000180000045569931087168004500810017789232000500001011778923200010000101045008450084500845008
177892322622806124500811000000006101034388057359762084636847LTEP1M36AppleiPhone16,24014513011011700127101572012001123VLAN-1012001123VLAN-101132322358381323223683831778922920000000200052380013177892322000000017789232242280614228061lte-internetims000000091778923220150000900011017789232201500009000000000000000000000001010001000011110029177892322015000090029177892322015000090020005323223806123800170005VLAN-10117789232200000000180000053865583127445214500810117789232200500001011778923220010000111045008450084500845008
177892324353145424500811000000006201018744858359762084994802LTEP1F37LGLM-G900N4004503021011700127101572012001124VLAN-1022001124VLAN-102132322358391323223683951778922940000000200062480024177892324000000017789232415314541531454lte-internetims000000091778923240150000900020017789232401500009000000000000000000000001010001000011110029177892324015000090029177892324015000090020006323223806224800270006VLAN-10217789232400000000180000054230555133182104500810017789232400500001011778923240010000121045008450084500845008
177892326581409824500811000000006301069623435359762085933985LTEP1M38XiaomiMi-144014513001011700127101572012001125VLAN-1032001125VLAN-103132322358401323223684091778922960000000200072580035177892326000000017789232638140983814098lte-internetims000000091778923260150000900031017789232601500009000000000000000000000001010001110011110029177892326015000090029177892326015000090020007323223806325800370007VLAN-10317789232600000000180000061412749196596004500810117789232600500001011778923260010000131045008450084500845008
177892328607430524500811000000006401026757216359762087777340LTEP1F39SamsungSM-S928N4004503011011700127101572012001126VLAN-1042001126VLAN-104132322358411323223684111778922980000000200002680046177892328000000017789232840743054074305lte-internetims000000091778923280150000900040017789232801500009000000000000000000000001010001000011110029177892328015000090029177892328015000090020000323223806426800470000VLAN-10417789232800000000180000043316986183148104500810017789232800500001011778923280010000141045008450084500845008
177892330555912424500811000000006501048768048359762085826807LTEP1M40AppleiPhone16,24014513021011700127101572012000127VLAN-1052000127VLAN-105132322358421323223684231778923000000000200012780009177892330000000017789233035591243559124lte-internetims000000000001000000000000000000000001111000000011110000000020001323223806527800070001VLAN-10517789233000000000289609928063110120180414500810117789233000500001011778923300010000101045008450084500845008
177892332267398824500811000000006601051874112359762088291172LTEP1F41LGLM-G900N4004503001021700127101572012000228VLAN-1062000228VLAN-10613232235843132322368435177892302000000020002288001117789233200000001778923320673988673988lte-internetims000000000010000000000000000000000001111000000011110000000020002323223806628800170002VLAN-106177892332000000001491059517335767131404500810017789233200500001011778923320010000111045008450084500845008
177892334270741524500811000000006701025581781359762087851576LTEP1M42XiaomiMi-144014513011031700127101572012000329VLAN-1072000329VLAN-10713232235844132322368449177892304000000020003298002317789233400000001778923340707415707415lte-internetims000000000021000000000000000000000001111000000011110000000020003323223806729800270003VLAN-10717789233400000000265176632981212112582324500810117789233400500001011778923340010000121045008450084500845008
177892336599216424500811000000006801077213694359762082861889LTEP1F43SamsungSM-S928N4004503021001700127101572012000430VLAN-1082000430VLAN-108132322358451323223684511778923060000000200043080034177892336000000017789233639921643992164lte-internetims000000000030000000000000000000000001111000000011110000000020004323223806830800370004VLAN-1081778923360000000014759365420257188751214500810017789233600500001011778923360010000131045008450084500845008
177892338239293324500811000000006901022863065359762083800365LTEP1M44AppleiPhone16,24014513001011700127101572012000531VLAN-1092000531VLAN-10913232235846132322368463177892308000000020005318004517789233800000001778923380392933392933lte-internetims000000000041000000000000000000000001111000000011110000000020005323223806931800470005VLAN-109177892338000000005495774113578143970314500810117789233800500001011778923380010000141045008450084500845008
177892340307349224500811000000007001049470620359762088708021LTEP1F45LGLM-G900N4004503011021700927101572012000632VLAN-1002000632VLAN-100132322358471323223684751778923100000000200063280006177892340000000017789234010734921073492lte-internetims3181778923400150000500117789234001500005001000000000000000000000000000000001010000110010110013181778923400150000500113181778923400150000500120006323223807032800070006VLAN-100177892340000000002559624387815440538404500810017789234000500001011778923400010000101045008450084500845008
177892342479583924500811000000007101078244542359762081142270LTEP1M46XiaomiMi-144014513021031700927101572012000733VLAN-1012000733VLAN-101132322358481323223684891778923120000000200073380019177892342000000017789234227958392795839lte-internetims3181778923420150000500117789234201500005001000000011000000000000000000000001010000000010110013181778923420150000500113181778923420150000500120007323223807133800170007VLAN-101177892342000000001589004258948722739124500810117789234200500001011778923420010000111045008450084500845008
177892344269594724500811000000007201089773907359762084125036LTEP1F47SamsungSM-S928N4004503001001700927101572012000010VLAN-1022000010VLAN-10213232235849132322368491177892314000000020000108002117789234400000001778923440695947695947lte-internetims3181778923440150000500117789234401500005001000000020000000000000000000000001010000000010110013181778923440150000500113181778923440150000500120000323223807210800270000VLAN-1021778923440000000020034684425247193882404500810017789234400500001011778923440010000121045008450084500845008
177892346442726224500811000000007301026402813359762089424518LTEP1M48AppleiPhone16,24014513011011700927101572012000111VLAN-1032000111VLAN-103132322358501323223685031778923160000000200011180033177892346000000017789234624272622427262lte-internetims3181778923460150000500117789234601500005001000000031000000000000000000000001010000000010110013181778923460150000500113181778923460150000500120001323223807311800370001VLAN-1031778923460000000027177572420321078030404500810117789234600500001011778923460010000131045008450084500845008
177892348640248024500811000000007401025248581359762086356491LTEP1F49LGLM-G900N4004503021021700927101572012000212VLAN-1042000212VLAN-104132322358511323223685151778923180000000200021280044177892348000000017789234844024804402480lte-internetims3181778923480150000500117789234801500005001000000040000000000000000000000001010000000010110013181778923480150000500113181778923480150000500120002323223807412800470002VLAN-10417789234800000000832379374137556783204500810017789234800500001011778923480010000141045008450084500845008
177892350586196324500811000000007501088490305359762088325260LTEP1M50XiaomiMi-144014513001031700927101572012000313VLAN-1052000313VLAN-105132322358521323223685291778923200000000200031380005177892350000000017789235038619633861963lte-internetims3181778923500150000500117789235001500005001000000001000000000000000000000001010000000010110013181778923500150000500113181778923500150000500120003323223807513800070003VLAN-10517789235000000000258213358902610176352204500810117789235000500001011778923500010000101045008450084500845008
177892352518845424500811000000007601072177405359762087537117LTEP1F51SamsungSM-S928N4004503011001700927101572012000414VLAN-1062000414VLAN-106132322358531323223685311778923220000000200041480016177892352000000017789235231884543188454lte-internetims3181778923520150000500117789235201500005001000000010000000000000000000000001010000000010110013181778923520150000500113181778923520150000500120004323223807614800170004VLAN-106177892352000000001248815105329962208214500810017789235200500001011778923520010000111045008450084500845008
177892354420004024500811000000007701053742382359762084310385LTEP1M52AppleiPhone16,24014513021011700927101572012000515VLAN-1072000515VLAN-107132322358541323223685431778923240000000200051580029177892354000000017789235422000402200040lte-internetims3181778923540150000500117789235401500005001000000021000000000000000000000001010000110010110013181778923540150000500113181778923540150000500120005323223807715800270005VLAN-1071778923540000000014608741706517124842424500810117789235400500001011778923540010000121045008450084500845008
177892356365419424500811000000007801022887981359762086036737LTEP1F53LGLM-G900N4004503001021700927101572012000616VLAN-1082000616VLAN-108132322358551323223685551778923260000000200061680031177892356000000017789235616541941654194lte-internetims3181778923560150000500117789235601500005001000000030000000000000000000000001010000000010110013181778923560150000500113181778923560150000500120006323223807816800370006VLAN-1081778923560000000015492084982493171839124500810017789235600500001011778923560010000131045008450084500845008
177892358329916824500811000000007901068720692359762086863825LTEP1M54XiaomiMi-144014513011031700927101572012000717VLAN-1092000717VLAN-109132322358561323223685691778923280000000200071780043177892358000000017789235812991681299168lte-internetims3181778923580150000500117789235801500005001000000041000000000000000000000001010000000010110013181778923580150000500113181778923580150000500120007323223807917800470007VLAN-1091778923580000000010542543078371040637014500810117789235800500001011778923580010000141045008450084500845008
177892360435743224500811000000008001062873809359762088059757LTEP1F55SamsungSM-S928N4004503021001700927101572012000018VLAN-1002000018VLAN-100132322358571323223685711778923300000000200001880004177892360000000017789236023574322357432lte-internetims3181778923600150000500117789236001500005001000000000000000000000000000000001010000000010110013181778923600150000500113181778923600150000500120000323223808018800070000VLAN-10017789236000000000213503547077886519414500810017789236000500001011778923600010000101045008450084500845008
177892362632413524500811000000008101070838844359762086672172LTEP1M56AppleiPhone16,24014513001011700927101572012000119VLAN-1012000119VLAN-101132322358581323223685831778923320000000200011980015177892362000000017789236243241354324135lte-internetims3181778923620150000500117789236201500005001000000011000000000000000000000001010000000010110013181778923620150000500113181778923620150000500120001323223808119800170001VLAN-101177892362000000002986756552187341788114500810117789236200500001011778923620010000111045008450084500845008
177892364329400324500811000000008201075752905359762089474174LTEP1F57LGLM-G900N4004503011021700927101572012000220VLAN-1022000220VLAN-102132322358591323223685951778923340000000200022080026177892364000000017789236412940031294003lte-internetims3181778923640150000500117789236401500005001000000020000000000000000000000001010000000010110013181778923640150000500113181778923640150000500120002323223808220800270002VLAN-1021778923640000000017315992383235178269204500810017789236400500001011778923640010000121045008450084500845008
177892366624205924500811000000008301071729417359762082488042LTEP1M58XiaomiMi-144014513021031700927101572012000321VLAN-1032000321VLAN-103132322358601323223686091778923360000000200032180039177892366000000017789236642420594242059lte-internetims3181778923660150000500117789236601500005001000000031000000000000000000000001010000000010110013181778923660150000500113181778923660150000500120003323223808321800370003VLAN-10317789236600000000871676860703170339104500810117789236600500001011778923660010000131045008450084500845008
177892368445890924500811000000008401015010340359762089206307LTEP1F59SamsungSM-S928N4004503001001700127101572012000422VLAN-1042000422VLAN-104132322358611323223686111778923380000000200042280041177892368000000017789236824589092458909lte-internetims000000000040000000000000000000000001111000110011110000000020004323223808422800470004VLAN-104177892368000000002230273839906120668324500810017789236800500001011778923680010000141045008450084500845008
177892370375427124500811000000008501092550962359762082797013LTEP1M60AppleiPhone16,24014513011011700127101572012000523VLAN-1052000523VLAN-105132322358621323223686231778923400000000200052380003177892370000000017789237017542711754271lte-internetims000000000001000000000000000000000001111000000011110000000020005323223808523800070005VLAN-1051778923700000000018822942833301090743404500810117789237000500001011778923700010000101045008450084500845008
177892372234032924500811000000008601084651947359762086326426LTEP1F61LGLM-G900N4004503021021700127101572012000624VLAN-1062000624VLAN-10613232235863132322368635177892342000000020006248001417789237200000001778923720340329340329lte-internetims000000000010000000000000000000000001111000000011110000000020006323223808624800170006VLAN-1061778923720000000026300912306411194098224500810017789237200500001011778923720010000111045008450084500845008
177892374330435724500811000000008701035390681359762082714425LTEP1M62XiaomiMi-144014513001031700127101572012000725VLAN-1072000725VLAN-107132322358641323223686491778923440000000200072580025177892374000000017789237413043571304357lte-internetims000000000021000000000000000000000001111000000011110000000020007323223808725800270007VLAN-10717789237400000000167252940172611184878224500810117789237400500001011778923740010000121045008450084500845008
177892376541437824500811000000008801035435812359762086583592LTEP1F63SamsungSM-S928N4004503011001700127101572012000026VLAN-1082000026VLAN-108132322358651323223686511778923460000000200002680036177892376000000017789237634143783414378lte-internetims000000000030000000000000000000000001111000000011110000000020000323223808826800370000VLAN-1081778923760000000011698386511111182642014500810017789237600500001011778923760010000131045008450084500845008
177892378276023724500811000000008901091443691359762085341902LTEP1M64AppleiPhone16,24014513021011700127101572012000127VLAN-1092000127VLAN-10913232235866132322368663177892348000000020001278004917789237800000001778923780760237760237lte-internetims000000000041000000000000000000000001111000000011110000000020001323223808927800470001VLAN-109177892378000000009370751178215109057204500810117789237800500001011778923780010000141045008450084500845008
177892380378851124500811000000009001022441100359762089070321LTEP1F20LGLM-G900N4004503051021700127101572012000228VLAN-1002000228VLAN-100132322358671323223686751778923500000000200022880001177892380000000017789238017885111788511lte-internetims000000000000000000000003217789238001500006400000000001010000000011110033217789238001500006433217789238001500006420002323223809028800070002VLAN-10017789238000000000182424842208310151076214500810017789238000500001001778923800010000101045008450084500845008
177892382278062024500811000000009101089270361359762083891960LTEP1M21XiaomiMi-144014513051031700127101572012000329VLAN-1012000329VLAN-10113232235868132322368689177892352000000020003298001317789238200000001778923820780620780620lte-internetims000000000011000000000003217789238201500006400000000001010000110011110033217789238201500006433217789238201500006420003323223809129800170003VLAN-10117789238200000000104598653127610122013314500810117789238200500001001778923820010000111045008450084500845008
177892384561197824500811000000009201079281851359762085461770LTEP1F22SamsungSM-S928N4004503051001700127101572012000430VLAN-1022000430VLAN-102132322358691323223686911778923540000000200043080024177892384000000017789238436119783611978lte-internetims000000000020000000000003217789238401500006400000000001010000000011110033217789238401500006433217789238401500006420004323223809230800270004VLAN-102177892384000000006952775980581041653024500810017789238400500001001778923840010000121045008450084500845008
177892386622690624500811000000009301085940585359762086927304LTEP1M23AppleiPhone16,24014513051011700127101572012000531VLAN-1032000531VLAN-103132322358701323223687031778923560000000200053180035177892386000000017789238642269064226906lte-internetims000000000031000000000003217789238601500006400000000001010000000011110033217789238601500006433217789238601500006420005323223809331800370005VLAN-10317789238600000000795673422643545309304500810117789238600500001001778923860010000131045008450084500845008
177892388361140124500811000000009401026658956359762085699191LTEP1F24LGLM-G900N4004503051021700127101572012000632VLAN-1042000632VLAN-104132322358711323223687151778923580000000200063280046177892388000000017789238816114011611401lte-internetims000000000040000000000003217789238801500006400000000001010000000011110033217789238801500006433217789238801500006420006323223809432800470006VLAN-104177892388000000001785946677151097230214500810017789238800500001001778923880010000141045008450084500845008
177892390639020624500811000000009501082373025359762083152897LTEP1M25XiaomiMi-144014513051031700127101572012000733VLAN-1052000733VLAN-105132322358721323223687291778923600000000200073380009177892390000000017789239043902064390206lte-internetims000000000001000000000003217789239001500006400000000001010000000011110033217789239001500006433217789239001500006420007323223809533800070007VLAN-1051778923900000000027898431962763157584024500810117789239000500001001778923900010000101045008450084500845008
177892392518877024500811000000009601052233329359762087644224LTEP1F26SamsungSM-S928N4004503051001700127101572012000010VLAN-1062000010VLAN-106132322358731323223687311778923620000000200001080011177892392000000017789239231887703188770lte-internetims000000000010000000000003217789239201500006400000000001010000000011110033217789239201500006433217789239201500006420000323223809610800170000VLAN-1061778923920000000012803134074173183050004500810017789239200500001001778923920010000111045008450084500845008
177892394371189624500811000000009701067574609359762087242128LTEP1M27AppleiPhone16,24014513051011700127101572012000111VLAN-1072000111VLAN-107132322358741323223687431778923640000000200011180023177892394000000017789239417118961711896lte-internetims000000000021000000000003217789239401500006400000000001010000000011110033217789239401500006433217789239401500006420001323223809711800270001VLAN-10717789239400000000467097730871110903024500810117789239400500001001778923940010000121045008450084500845008
177892396506968424500811000000009801087170739359762081722768LTEP1F28LGLM-G900N4004503051021700127101572012000212VLAN-1082000212VLAN-108132322358751323223687551778923660000000200021280034177892396000000017789239630696843069684lte-internetims000000000030000000000003217789239601500006400000000001010000110011110033217789239601500006433217789239601500006420002323223809812800370002VLAN-1081778923960000000020474761115771073898404500810017789239600500001001778923960010000131045008450084500845008
177892398546881324500811000000009901061103753359762084356708LTEP1M29XiaomiMi-144014513051031700127101572012000313VLAN-1092000313VLAN-109132322358761323223687691778923680000000200031380045177892398000000017789239834688133468813lte-internetims000000000041000000000003217789239801500006400000000001010000000011110033217789239801500006433217789239801500006420003323223809913800470003VLAN-1091778923980000000011374343104995199197014500810117789239800500001001778923980010000141045008450084500845008
177892400330196224500811000000010001071676909359762088632408LTEP1F30SamsungSM-S928N4004503011001700127101572012000414VLAN-1002000414VLAN-100132322358771323223687711778923700000000200041480006177892400000000017789240013019621301962lte-internetims000000000000000000000000000000000001111000000011110000000020004323223810014800070004VLAN-1001778924000000000011161884621258113643404500810017789240000500001011778924000010000101045008450084500845008
177892402371371924500811000000010101082373836359762087017563LTEP1M31AppleiPhone16,24014513021011700127101572012000515VLAN-1012000515VLAN-101132322358781323223687831778923720000000200051580019177892402000000017789240217137191713719lte-internetims000000000011000000000000000000000001111000000011110000000020005323223810115800170005VLAN-1011778924020000000026491535779796157821114500810117789240200500001011778924020010000111045008450084500845008
177892404332295024500811000000010201092673461359762087010244LTEP1F32LGLM-G900N4004503001021700127101572012000616VLAN-1022000616VLAN-102132322358791323223687951778923740000000200061680021177892404000000017789240413229501322950lte-internetims000000000020000000000000000000000001111000000011110000000020006323223810216800270006VLAN-102177892404000000001089647241348976756414500810017789240400500001011778924040010000121045008450084500845008
177892406590770724500811000000010301038843613359762082309259LTEP1M33XiaomiMi-144014513011031700127101572012000717VLAN-1032000717VLAN-103132322358801323223688091778923760000000200071780033177892406000000017789240639077073907707lte-internetims000000000031000000000000000000000001111000000011110000000020007323223810317800370007VLAN-103177892406000000008392084507931088638014500810117789240600500001011778924060010000131045008450084500845008
177892408224385924500811000000010401036558039359762084818870LTEP1F34SamsungSM-S928N4004503021001700127101572012000018VLAN-1042000018VLAN-10413232235881132322368811177892378000000020000188004917789240800000001778924080243859243859lte-internetims0000000000400000017789240801500000100000000000000001111000001011110000000020000323223810418800470000VLAN-1041778924080000000022501155707054383104500810017789240800500001011778924080010000141045008450084500845008
177892410500861924500811000000010501087943263359762082819114LTEP1M35AppleiPhone16,24014513001011700127101572012000119VLAN-1052000119VLAN-105132322358821323223688231778923800000000200011980009177892410000000017789241030086193008619lte-internetims0000000000010000017789241001500000100000000000000001111000111011110000000020001323223810519800070001VLAN-105177892410000000002104055994921287739204500810117789241000500001011778924100010000101045008450084500845008
177892412610013024500811000000010601012249982359762089839592LTEP1F36LGLM-G900N4004503011021700127101572012000220VLAN-1062000220VLAN-106132322358831323223688351778923820000000200022080019177892412000000017789241241001304100130lte-internetims0000000000100000017789241201500000100000000000000001111000001011110000000020002323223810620800170002VLAN-106177892412000000002696143321793449206314500810017789241200500001011778924120010000111045008450084500845008
177892414414764024500811000000010701093189341359762088135007LTEP1M37XiaomiMi-144014513021031700127101572012000321VLAN-1072000321VLAN-107132322358841323223688491778923840000000200032180029177892414000000017789241421476402147640lte-internetims0000000000210000017789241401500000100000000000000001111000001011110000000020003323223810721800270003VLAN-1071778924140000000027297993739935111294404500810117789241400500001011778924140010000121045008450084500845008
177892416317488324500811000000010801021401991359762087460775LTEP1F38SamsungSM-S928N4004503001001700127101572012000422VLAN-1082000422VLAN-108132322358851323223688511778923860000000200042280039177892416000000017789241611748831174883lte-internetims0000000000300000017789241601500000100000000000000001111000001011110000000020004323223810822800370004VLAN-108177892416000000001649986255396478497104500810017789241600500001011778924160010000131045008450084500845008
177892418442531224500811000000010901040737990359762088705422LTEP1M39AppleiPhone16,24014513011011700127101572012000523VLAN-1092000523VLAN-109132322358861323223688631778923880000000200052380049177892418000000017789241824253122425312lte-internetims0000000000410000017789241801500000100000000000000001111000001011110000000020005323223810923800470005VLAN-109177892418000000002559527110569459679414500810117789241800500001011778924180010000141045008450084500845008
177892420533507124500811000000011001090551386359762085156781LTEP1F40LGLM-G900N4004503021021700127101572012000624VLAN-1002000624VLAN-100132322358871323223688751778923900000000200062480004177892420000000017789242033350713335071lte-internetims000000000000000000000000000000000001111000000011110000000020006323223811024800070006VLAN-10017789242000000000235721633691511180576024500810017789242000500001011778924200010000101045008450084500845008
177892422386478624500811000000011101052409376359762089286597LTEP1M41XiaomiMi-144014513001031700127101572012000725VLAN-1012000725VLAN-101132322358881323223688891778923920000000200072580015177892422000000017789242218647861864786lte-internetims000000000011000000000000000000000001111000000011110000000020007323223811125800170007VLAN-1011778924220000000012182164872261244467124500810117789242200500001011778924220010000111045008450084500845008
177892424611698924500811000000011201099400758359762086013991LTEP1F42SamsungSM-S928N4004503011001700127101572012000026VLAN-1022000026VLAN-102132322358891323223688911778923940000000200002680026177892424000000017789242441169894116989lte-internetims000000000020000000000000000000000001111000110011110000000020000323223811226800270000VLAN-102177892424000000002637796220474857913414500810017789242400500001011778924240010000121045008450084500845008
177892426233631624500811000000011301097759856359762085607851LTEP1M43AppleiPhone16,24014513021011700127101572012000127VLAN-1032000127VLAN-10313232235890132322368903177892396000000020001278003917789242600000001778924260336316336316lte-internetims000000000031000000000000000000000001111000000011110000000020001323223811327800370001VLAN-103177892426000000002937164147476114417004500810117789242600500001011778924260010000131045008450084500845008
177892428410111324500811000000011401085526849359762082642275LTEP1F44LGLM-G900N4004503001021700127101572012000228VLAN-1042000228VLAN-104132322358911323223689151778923980000000200022880041177892428000000017789242821011132101113lte-internetims000000000040000000000000000000000001111000000011110000000020002323223811428800470002VLAN-1041778924280000000019634483053011212510124500810017789242800500001011778924280010000141045008450084500845008
177892430445603724500811000000011501036432167359762082902177LTEP1M45XiaomiMi-144014513011031700127101572012000329VLAN-1052000329VLAN-105132322358921323223689291778924000000000200032980003177892430000000017789243024560372456037lte-internetims000000000001000000000000000000000001111000000011110000000020003323223811529800070003VLAN-105177892430000000007884653562087180176214500810117789243000500001011778924300010000101045008450084500845008
177892432458102724500811000000011601011171716359762083020552LTEP1F46SamsungSM-S928N4004503021001700127101572012000430VLAN-1062000430VLAN-106132322358931323223689311778924020000000200043080014177892432000000017789243225810272581027lte-internetims000000000010000000000000000000000001111000000011110000000020004323223811630800170004VLAN-10617789243200000000893016557338671855324500810017789243200500001011778924320010000111045008450084500845008
177892434409413024500811000000011701034348251359762083758215LTEP1M47AppleiPhone16,24014513001011700127101572012000531VLAN-1072000531VLAN-107132322358941323223689431778924040000000200053180025177892434000000017789243420941302094130lte-internetims000000000021000000000000000000000001111000000011110000000020005323223811731800270005VLAN-10717789243400000000129988621636211106602024500810117789243400500001011778924340010000121045008450084500845008
177892436361124424500811000000011801051898835359762082661207LTEP1F48LGLM-G900N4004503011021700127101572012000632VLAN-1082000632VLAN-108132322358951323223689551778924060000000200063280036177892436000000017789243616112441611244lte-internetims000000000030000000000000000000000001111000000011110000000020006323223811832800370006VLAN-10817789243600000000209935568863787023024500810017789243600500001011778924360010000131045008450084500845008
177892438447911524500811000000011901034134890359762088259577LTEP1M49XiaomiMi-144014513021031700127101572012000733VLAN-1092000733VLAN-109132322358961323223689691778924080000000200073380049177892438000000017789243824791152479115lte-internetims000000000041000000000000000000000001111000110011110000000020007323223811933800470007VLAN-10917789243800000000768963498875646788214500810117789243800500001011778924380010000141045008450084500845008
